Gene Symbol	Patient control 1	Patient control 2	Patient control 3	Patient control 4	Patient control 5	Patient control 6	Patient control 7	Patient control 8	Patient control 9	Patient control 10	Patient control 11	Patient control 12	Patient control 13	Patient control 14	Patient control 15	Patient control 16	Patient control 17	Patient control 18	Patient control 19	Patient control 20	Patient control 21	Patient control 22	Patient control 23	Patient control 24	Patient control 25	Patient control 26	Patient control 27	Patient control 28	Patient control 29	Patient control 30	Patient control 31	Patient control 32	Patient control 33	Patient control 34	Patient control 35	Patient control 36	Patient control 37	Patient control 38	Patient control 39	Patient control 40	Patient control 41	Patient control 42	Patient control 43	Patient control 44	Patient control 45	Patient control 46	Patient control 47	Patient control 48	Patient control 49	Patient control 50	Patient control 51	Patient control 52	Patient control 53	Patient control 54	Patient control 55	Patient control 56	Patient control 57	Patient control 58	Patient control 59	Patient control 60	Patient control 61	Patient control 62	Patient control 63	Patient control 64	Patient control 65	Patient control 66	Patient control 67	Patient control 68	Patient control 69	Patient control 70	Patient control 71	Patient control 72	Patient control 73	Patient control 74	Patient control 75	Patient control 76	Patient control 77	Patient control 78	Patient control 79	Patient control 80	Patient control 81	Patient control 82	Patient control 83	Patient control 84	Patient control 85	Patient control 86	Patient control 87	Patient control 88	Patient control 89	Patient control 90	Patient control 91	Patient control 92	Patient control 93	Patient control 94	Patient control 95	Patient control 96	Patient control 97	Patient control 98	Patient control 99	Patient control 100	Patient control 101	Patient control 102	Patient control 103	Patient control 104	Patient control 105	Patient control 106	Patient control 107	Patient control 108	Patient control 109	Patient control 110	Patient control 111	Patient control 112	Patient control 113	Patient control 114	Patient control 115	Patient control 116	Patient control 117	Patient control 118	Patient control 119	Patient control 120	Patient control 121	Patient control 122	Patient control 123	Patient control 124	Patient control 125	Patient control 126	Patient control 127	Patient control 128	Patient control 129	Patient control 130	Patient control 131	Patient control 132	Patient control 133	Patient control 134	Patient control 135	Patient control 136	Patient control 137	Patient control 138	Patient control 139	Patient control 140	Patient control 141	Patient control 142	Patient control 143	Patient control 144	Patient control 145	Patient control 146	Patient control 147	Patient control 148	Patient control 149	Patient control 150	Patient control 151	Patient control 152	Patient control 153	Patient control 154	Patient control 155	Patient control 156	Patient control 157	Patient control 158	Patient control 159	Patient control 160	Patient control 161	Patient control 162	Patient control 163	Patient control 164	Patient control 165	Patient control 166	Patient control 167	Patient control 168	Patient control 169	Patient control 170	Patient control 171	Patient control 172	Patient control 173	Patient control 174	Patient control 175	Patient control 176	Patient control 177	Patient control 178	Patient control 179	Patient control 180	Patient control 181	Patient control 182	Patient control 183	Patient control 184	Patient control 185	Patient control 186	Patient control 187	Patient control 188	Patient control 189	Patient control 190	Patient control 191	Patient control 192	Patient control 193	Patient control 194	Patient control 195	Patient control 196	Patient control 197	Patient control 198	Patient control 199	Patient control 200
Gene 1	0.0	0.0	0.0	0.0	0.0	0.0	0.0	0.0	0.0	0.84	0.0	0.0	0.0	0.74	0.0	0.0	0.0	0.76	0.0	0.0	0.0	0.0	0.49	0.0	0.0	0.0	0.0	0.0	0.0	0.0	0.0	0.0	0.0	0.0	0.0	0.0	0.48	0.0	0.22	0.0	0.0	0.0	0.0	0.0	0.0	0.0	0.0	0.0	0.0	0.0	0.88	0.0	0.0	0.0	0.0	0.0	0.0	0.36	0.0	0.0	0.0	0.0	0.0	0.0	0.0	0.0	0.0	0.0	0.0	0.0	0.0	0.0	0.0	0.0	0.0	0.0	0.0	0.0	0.0	0.0	0.0	0.0	0.0	0.0	0.51	0.0	0.0	0.0	0.0	0.0	0.0	0.2	0.44	0.0	0.0	0.0	0.0	0.0	0.0	0.15	0.0	0.0	0.0	0.0	0.0	0.0	0.0	0.0	0.0	0.52	0.28	0.22	0.0	0.0	0.0	0.0	0.0	0.0	0.0	0.0	0.0	0.0	0.0	0.0	0.0	0.0	0.0	0.0	0.0	0.0	0.0	0.0	0.0	0.42	0.0	0.0	0.0	0.0	0.0	0.0	0.0	0.0	0.0	0.0	0.0	0.0	0.0	0.0	0.0	0.0	0.0	0.0	0.0	0.0	0.0	0.0	0.0	0.0	0.0	0.0	0.0	0.0	0.0	0.0	0.0	0.0	0.0	0.0	0.0	0.0	0.0	0.0	0.0	0.0	0.0	0.0	0.0	0.0	0.0	0.0	0.0	0.0	0.0	0.0	0.0	0.0	0.0	0.0	0.0	0.0	0.0	0.0	0.0	0.0	0.33	0.0	0.0	0.0	0.0	0.0
Gene 2	0.0	0.0	0.0	0.0	0.0	0.0	0.0	0.69	0.0	0.67	0.6	0.0	0.0	0.0	0.0	0.0	0.78	0.0	0.0	0.0	0.0	0.0	0.0	0.66	0.0	0.34	0.0	0.0	0.0	0.0	0.0	0.0	0.0	0.0	0.0	0.0	0.0	0.0	0.0	0.0	0.0	0.49	0.0	0.34	0.0	0.0	0.0	0.7	0.0	0.0	0.0	0.0	0.0	0.81	0.0	0.0	0.0	0.0	0.0	0.94	0.0	0.0	0.0	0.0	0.0	0.0	0.0	0.0	0.0	0.0	0.0	0.0	0.0	0.0	0.0	0.0	0.59	0.0	0.0	0.0	0.0	0.0	0.0	0.0	0.0	0.0	0.0	0.0	0.0	0.0	0.0	0.0	0.6	0.0	0.0	0.0	0.0	0.0	0.0	0.0	0.0	0.0	0.0	0.25	0.0	0.0	0.0	0.0	0.0	0.0	0.0	0.65	0.0	0.0	0.91	0.76	0.0	0.0	0.0	0.0	0.0	0.0	0.0	0.0	0.0	0.0	0.0	0.0	0.12	0.0	0.52	0.0	0.0	0.0	0.28	0.0	0.0	0.0	0.27	0.0	0.0	0.0	0.0	0.0	0.28	0.85	0.0	0.0	0.68	0.0	0.0	0.0	0.0	0.0	0.0	0.0	0.0	0.0	0.0	0.0	0.0	0.0	0.0	0.0	0.0	0.0	0.0	0.36	0.0	0.0	0.0	0.95	0.0	0.0	0.0	0.0	0.0	0.0	0.46	0.0	0.0	0.0	0.0	0.0	0.0	0.0	0.0	0.0	0.0	0.0	0.0	0.84	0.0	0.0	0.0	0.62	0.0	0.0	0.0	0.0
Gene 3	0.59	0.0	0.5	0.0	0.0	0.0	0.38	0.0	0.0	0.0	0.0	0.0	0.0	0.0	0.0	0.0	0.0	0.23	0.0	0.0	0.5	0.78	0.0	0.0	0.0	0.0	0.0	0.0	0.0	0.0	0.0	0.0	0.0	0.0	0.0	0.0	0.0	0.0	0.0	0.0	0.0	0.0	0.0	0.0	0.0	0.0	0.0	0.52	0.0	0.0	0.27	0.0	0.0	0.0	0.0	0.0	0.0	0.0	0.0	0.0	0.0	0.0	0.0	0.0	0.0	0.0	0.0	0.0	0.0	0.0	0.0	0.0	0.0	0.0	0.53	0.0	0.0	0.0	0.0	0.0	0.0	0.0	0.0	0.0	0.0	0.0	0.0	0.0	0.0	0.0	0.0	0.0	0.0	0.0	0.0	0.0	0.0	0.88	0.0	0.0	0.0	0.0	0.0	0.0	0.0	0.0	0.0	0.0	0.0	0.0	0.74	0.0	0.0	0.0	0.0	0.0	0.0	0.0	0.0	0.0	0.0	0.0	0.29	0.0	0.0	0.0	0.0	0.0	0.0	0.08	0.0	0.0	0.0	0.0	0.0	0.0	0.0	0.0	0.0	0.0	0.0	0.0	0.82	0.0	0.0	0.0	0.0	0.0	0.0	0.12	0.0	0.0	0.0	0.0	0.0	0.0	0.0	0.51	0.0	0.0	0.0	0.0	0.0	0.0	0.0	0.0	0.0	0.84	0.0	0.0	0.0	0.0	0.0	0.53	0.0	0.0	0.0	0.0	0.0	0.0	0.58	0.0	0.0	0.0	0.0	0.0	0.0	0.0	0.39	0.0	0.0	0.0	0.0	0.0	0.0	0.0	0.55	0.0	0.0	0.0
Gene 4	0.66	0.0	0.0	0.0	0.07	0.0	0.0	0.0	0.53	0.0	0.0	0.0	0.0	0.0	0.0	0.0	0.0	0.0	0.0	0.0	0.0	0.43	0.0	0.0	0.4	0.0	0.0	0.0	0.0	0.0	0.0	0.0	0.0	0.0	0.0	0.0	0.0	0.0	0.0	0.0	0.0	0.0	0.0	0.0	0.0	0.83	0.64	0.0	0.0	0.0	0.46	0.0	0.0	0.0	0.0	0.0	0.0	0.0	0.0	0.0	0.0	0.46	0.0	0.0	0.0	0.0	0.66	0.0	0.0	0.68	0.0	0.0	0.0	0.0	0.0	0.0	0.0	0.0	0.0	0.0	0.0	0.0	0.48	0.0	0.0	0.0	0.8	0.0	0.0	0.0	0.0	0.0	0.0	0.0	0.91	0.0	0.0	0.0	0.0	0.0	0.0	0.0	0.0	0.0	0.0	0.0	0.54	0.0	0.0	0.0	0.0	0.0	0.0	0.0	0.0	0.0	0.0	0.73	0.0	0.0	0.0	0.0	0.0	0.0	0.0	0.0	0.74	0.0	0.0	0.0	0.0	0.0	0.0	0.0	0.0	0.0	0.0	0.0	0.0	0.0	0.0	0.0	0.0	0.0	0.0	0.0	0.0	0.0	0.0	0.0	0.0	0.0	0.0	0.0	0.0	0.0	0.0	0.0	0.0	0.0	0.0	0.0	0.0	0.0	0.0	0.0	0.0	0.0	0.0	0.0	0.0	0.0	0.0	0.2	0.0	0.0	0.0	0.0	0.0	0.0	0.44	0.0	0.0	0.0	0.0	0.0	0.0	0.0	0.0	0.0	0.0	0.0	0.0	0.0	0.0	0.0	0.0	0.0	0.0	0.0
Gene 5	0.0	0.0	0.0	0.42	0.0	0.38	0.64	0.0	0.0	0.11	0.0	0.0	0.0	0.0	0.0	0.0	0.0	0.0	0.0	0.0	0.28	0.0	0.0	0.0	0.0	0.0	0.0	0.0	0.0	0.0	0.0	0.0	0.17	0.0	0.0	0.0	0.0	0.0	0.0	0.0	0.0	0.0	0.0	0.0	0.89	0.0	0.0	0.13	0.0	0.0	0.0	0.0	0.0	0.0	0.0	0.0	0.0	0.0	0.0	0.0	0.14	0.84	0.0	0.0	0.0	0.0	0.0	0.0	0.0	0.0	0.0	0.23	0.0	0.0	0.0	0.0	0.0	0.0	0.0	0.0	0.0	0.0	0.0	0.0	0.0	0.0	0.0	0.0	0.0	0.0	0.0	0.0	0.0	0.0	0.0	0.0	0.0	0.0	0.36	0.0	0.0	0.0	0.0	0.0	0.0	0.0	0.0	0.0	0.0	0.0	0.0	0.0	0.0	0.42	0.0	0.0	0.0	0.0	0.0	0.0	0.0	0.0	0.0	0.0	0.56	0.0	0.0	0.0	0.0	0.0	0.0	0.0	0.0	0.0	0.0	0.0	0.0	0.0	0.0	0.0	0.0	0.0	0.0	0.63	0.33	0.0	0.0	0.0	0.0	0.0	0.0	0.0	0.0	0.0	0.0	0.0	0.0	0.0	0.0	0.62	0.0	0.0	0.0	0.0	0.0	0.0	0.0	0.0	0.0	0.0	0.0	0.0	0.0	0.0	0.0	0.19	0.35	0.0	0.0	0.0	0.0	0.72	0.0	0.0	0.0	0.0	0.52	0.0	0.0	0.0	0.0	0.0	0.0	0.0	0.0	0.0	0.0	0.0	0.0	0.0
Gene 6	0.0	0.0	0.0	0.0	0.0	0.0	0.0	0.0	0.0	0.0	0.0	0.0	0.0	0.0	0.0	0.0	0.0	0.0	0.0	0.0	0.0	0.0	0.0	0.08	0.0	0.36	0.0	0.0	0.0	0.0	0.0	0.55	0.0	0.0	0.0	0.0	0.0	0.0	0.0	0.0	0.0	0.0	0.0	0.3	0.0	0.0	0.0	0.87	0.0	0.0	0.0	0.0	0.0	0.0	0.0	0.52	0.0	0.0	0.0	0.0	0.0	0.0	0.0	0.0	0.0	0.0	0.0	0.0	0.0	0.37	0.0	0.0	0.0	0.0	0.0	0.0	0.0	0.0	0.0	0.0	0.0	0.0	0.0	0.0	0.0	0.0	0.0	0.0	0.54	0.0	0.0	0.0	0.0	0.0	0.0	0.0	0.0	0.35	0.0	0.0	0.0	0.0	0.0	0.0	0.0	0.0	0.0	0.0	0.0	0.0	0.0	0.0	0.0	0.0	0.0	0.0	0.0	0.0	0.0	0.0	0.0	0.41	0.0	0.0	0.0	0.0	0.0	0.0	0.0	0.0	0.0	0.0	0.0	0.0	0.0	0.0	0.0	0.0	0.0	0.0	0.0	0.59	0.0	0.0	0.65	0.0	0.0	0.0	0.0	0.0	0.41	0.0	0.0	0.0	0.0	0.73	0.0	0.7	0.0	0.0	0.0	0.48	0.0	0.0	0.0	0.0	0.0	0.0	0.0	0.0	0.0	0.0	0.0	0.0	0.0	0.0	0.0	0.41	0.0	0.0	0.0	0.0	0.0	0.0	0.83	0.0	0.0	0.0	0.0	0.0	0.0	0.0	0.0	0.0	0.0	0.0	0.0	0.0	0.0	0.0
Gene 7	0.0	0.0	0.0	0.47	0.27	0.0	0.0	0.0	0.25	0.0	0.43	0.0	0.0	0.0	0.0	0.0	0.0	0.0	0.0	0.0	0.0	0.0	0.0	0.67	0.82	0.0	0.0	0.0	0.0	0.0	0.0	0.0	0.28	0.0	0.0	0.0	0.0	0.0	0.0	0.0	0.0	0.0	0.0	0.0	0.0	0.49	0.91	0.0	0.0	0.0	0.0	0.0	0.0	0.0	0.0	0.0	0.0	0.0	0.0	0.0	0.0	0.0	0.0	0.0	0.0	0.0	0.0	0.7	0.0	0.0	0.0	0.0	0.5	0.0	0.0	0.0	0.26	0.0	0.0	0.0	0.0	0.0	0.41	0.0	0.0	0.0	0.0	0.0	0.0	0.0	0.0	0.0	0.0	0.0	0.0	0.0	0.0	0.0	0.0	0.0	0.0	0.0	0.0	0.0	0.0	0.0	0.0	0.0	0.0	0.0	0.0	0.0	0.0	0.0	0.0	0.32	0.0	0.0	0.0	0.23	0.0	0.0	0.0	0.0	0.0	0.0	0.0	0.0	0.0	0.0	0.5	0.0	0.0	0.7	0.0	0.0	0.61	0.0	0.0	0.0	0.0	0.0	0.0	0.0	0.0	0.0	0.0	0.0	0.0	0.0	0.33	0.0	0.0	0.93	0.0	0.0	0.4	0.0	0.0	0.0	0.0	0.0	0.0	0.0	0.68	0.0	0.51	0.0	0.0	0.0	0.0	0.0	0.0	0.58	0.0	0.0	0.0	0.0	0.0	0.0	0.0	0.0	0.0	0.0	0.0	0.0	0.0	0.0	0.3	0.0	0.0	0.0	0.0	0.0	0.0	0.0	0.0	0.0	0.0	0.0
Gene 8	0.0	0.0	0.0	0.0	0.0	0.36	0.0	0.0	0.0	0.0	0.0	0.0	0.0	0.0	0.39	0.0	0.0	0.0	0.0	0.0	0.0	0.06	0.0	0.0	0.67	0.0	0.0	0.0	0.0	0.0	0.0	0.9	0.0	0.0	0.0	0.0	0.0	0.0	0.0	0.36	0.0	0.0	0.0	0.0	0.0	0.0	0.34	0.0	0.0	0.0	0.0	0.0	0.0	0.0	0.0	0.0	0.0	0.0	0.0	0.0	0.0	0.0	0.26	0.0	0.0	0.0	0.0	0.0	0.0	0.0	0.0	0.0	0.32	0.0	0.0	0.0	0.61	0.0	0.0	0.0	0.0	0.0	0.4	0.0	0.0	0.19	0.0	0.0	0.0	0.0	0.0	0.0	0.0	0.0	0.0	0.0	0.0	0.0	0.0	0.0	0.0	0.0	0.0	0.21	0.0	0.0	0.0	0.0	0.0	0.0	0.0	0.0	0.4	0.0	0.0	0.0	0.21	0.0	0.0	0.0	0.0	0.0	0.0	0.0	0.0	0.0	0.0	0.27	0.0	0.0	0.0	0.71	0.0	0.0	0.0	0.0	0.0	0.0	0.0	0.0	0.0	0.59	0.0	0.85	0.71	0.0	0.0	0.0	0.0	0.0	0.63	0.0	0.0	0.0	0.0	0.0	0.0	0.0	0.0	0.0	0.0	0.0	0.0	0.0	0.0	0.0	0.53	0.08	0.0	0.0	0.0	0.0	0.0	0.61	0.0	0.0	0.0	0.0	0.0	0.0	0.0	0.0	0.0	0.0	0.0	0.0	0.0	0.0	0.0	0.0	0.0	0.0	0.0	0.0	0.73	0.0	0.0	0.0	0.0	0.0
Gene 9	0.81	0.0	0.0	0.0	0.0	0.0	0.0	0.0	0.0	0.0	0.0	0.0	0.68	0.59	0.0	0.0	0.0	0.0	0.0	0.0	0.0	0.0	0.0	0.55	0.0	0.0	0.0	0.0	0.0	0.22	0.0	0.0	0.0	0.0	0.0	0.0	0.0	0.0	0.0	0.82	0.0	0.0	0.0	0.0	0.0	0.0	0.0	0.53	0.0	0.0	0.0	0.0	0.0	0.0	0.0	0.0	0.82	0.0	0.0	0.0	0.0	0.0	0.0	0.0	0.0	0.81	0.0	0.0	0.48	0.0	0.0	0.6	0.0	0.0	0.0	0.31	0.63	0.0	0.0	0.0	0.0	0.0	0.0	0.0	0.0	0.0	0.0	0.0	0.0	0.0	0.0	0.0	0.0	0.0	0.0	0.0	0.0	0.0	0.0	0.0	0.0	0.0	0.29	0.95	0.0	0.0	0.0	0.0	0.0	0.0	0.0	0.0	0.0	0.0	0.0	0.0	0.0	0.0	0.0	0.0	0.0	0.0	0.0	0.0	0.0	0.0	0.0	0.0	0.0	0.0	0.0	0.0	0.0	0.0	0.0	0.0	0.83	0.0	0.0	0.0	0.0	0.0	0.0	0.0	0.0	0.0	0.0	0.0	0.0	0.48	0.0	0.0	0.08	0.0	0.0	0.38	0.0	0.0	0.0	0.0	0.0	0.53	0.0	0.0	0.0	0.0	0.0	0.0	0.0	0.0	0.0	0.0	0.0	0.0	0.0	0.0	0.0	0.0	0.0	0.0	0.0	0.0	0.0	0.0	0.0	0.0	0.0	0.0	0.0	0.0	0.0	0.0	0.0	0.0	0.0	0.0	0.0	0.0	0.0	0.0
Gene 10	0.0	0.0	0.0	0.0	0.0	0.0	0.0	0.0	0.0	0.0	0.0	0.0	0.0	0.0	0.0	0.0	0.0	0.0	0.0	0.0	0.0	0.0	0.0	0.45	0.0	0.0	0.0	0.0	0.0	0.0	0.0	0.0	0.0	0.0	0.0	0.0	0.0	0.0	0.0	0.0	0.49	0.0	0.0	0.5	0.0	0.84	0.0	0.0	0.67	0.48	0.0	0.0	0.0	0.0	0.0	0.65	0.0	0.0	0.0	0.0	0.0	0.0	0.0	0.0	0.0	0.0	0.0	0.0	0.0	0.0	0.0	0.0	0.0	0.0	0.0	0.0	0.0	0.0	0.0	0.0	0.0	0.0	0.28	0.0	0.0	0.0	0.0	0.0	0.0	0.0	0.0	0.0	0.0	0.0	0.0	0.0	0.42	0.0	0.0	0.0	0.0	0.0	0.0	0.0	0.0	0.3	0.0	0.0	0.0	0.0	0.0	0.0	0.0	0.0	0.0	0.0	0.0	0.0	0.0	0.0	0.0	0.0	0.0	0.0	0.0	0.0	0.0	0.0	0.0	0.0	0.0	0.0	0.0	0.0	0.0	0.0	0.0	0.0	0.0	0.0	0.0	0.0	0.0	0.0	0.0	0.0	0.0	0.0	0.0	0.0	0.0	0.0	0.0	0.0	0.0	0.0	0.0	0.0	0.0	0.0	0.25	0.0	0.0	0.0	0.0	0.0	0.0	0.0	0.0	0.0	0.64	0.0	0.0	0.0	0.0	0.0	0.0	0.69	0.0	0.0	0.0	0.0	0.0	0.0	0.0	0.0	0.0	0.0	0.0	0.0	0.0	0.0	0.0	0.0	0.0	0.0	0.0	0.0	0.29	0.0
Gene 11	0.0	0.0	0.0	0.0	0.0	0.63	0.0	0.0	0.0	0.0	0.35	0.0	0.0	0.0	0.0	0.0	0.0	0.0	0.0	0.0	0.0	0.0	0.0	0.0	0.0	0.0	0.0	0.0	0.0	0.0	0.0	0.0	0.13	0.0	0.0	0.0	0.0	0.0	0.0	0.0	0.0	0.0	0.0	0.0	0.0	0.0	0.0	0.0	0.31	0.78	0.47	0.0	0.0	0.0	0.0	0.0	0.0	0.0	0.0	0.7	0.0	0.0	0.0	0.0	0.0	0.0	0.0	0.0	0.0	0.0	0.0	0.0	0.0	0.0	0.0	0.0	0.0	0.0	0.0	0.0	0.76	0.0	0.0	0.0	0.8	0.0	0.0	0.0	0.0	0.0	0.56	0.0	0.0	0.66	0.0	0.0	0.0	0.0	0.0	0.0	0.0	0.0	0.0	0.0	0.0	0.0	0.0	0.4	0.0	0.0	0.0	0.0	0.0	0.0	0.84	0.0	0.0	0.0	0.0	0.0	0.0	0.0	0.0	0.0	0.0	0.0	0.35	0.0	0.0	0.0	0.0	0.0	0.0	0.0	0.0	0.0	0.0	0.0	0.0	0.0	0.0	0.08	0.0	0.0	0.0	0.0	0.0	0.0	0.49	0.0	0.0	0.0	0.0	0.0	0.0	0.0	0.0	0.0	0.0	0.0	0.0	0.0	0.0	0.0	0.57	0.0	0.0	0.0	0.18	0.0	0.0	0.0	0.17	0.0	0.0	0.0	0.0	0.0	0.0	0.0	0.0	0.0	0.0	0.0	0.0	0.0	0.13	0.0	0.0	0.0	0.0	0.0	0.0	0.0	0.0	0.0	0.0	0.0	0.0	0.0
Gene 12	0.4	0.0	0.0	0.77	0.0	0.0	0.0	0.0	0.0	0.0	0.0	0.0	0.55	0.0	0.0	0.0	0.0	0.0	0.0	0.0	0.47	0.0	0.0	0.0	0.0	0.0	0.0	0.0	0.0	0.0	0.76	0.0	0.0	0.0	0.0	0.0	0.0	0.0	0.0	0.0	0.94	0.0	0.0	0.0	0.0	0.0	0.0	0.0	0.0	0.0	0.0	0.0	0.0	0.35	0.42	0.0	0.0	0.0	0.26	0.0	0.0	0.0	0.0	0.58	0.0	0.0	0.0	0.0	0.0	0.6	0.0	0.0	0.0	0.0	0.0	0.0	0.0	0.8	0.0	0.0	0.0	0.0	0.0	0.0	0.45	0.0	0.0	0.0	0.0	0.48	0.0	0.0	0.0	0.0	0.0	0.0	0.0	0.0	0.0	0.0	0.0	0.0	0.0	0.0	0.0	0.0	0.0	0.0	0.0	0.0	0.0	0.0	0.0	0.0	0.0	0.0	0.0	0.0	0.0	0.0	0.0	0.0	0.0	0.0	0.0	0.0	0.0	0.0	0.0	0.0	0.0	0.0	0.0	0.0	0.0	0.0	0.22	0.0	0.0	0.0	0.0	0.0	0.0	0.0	0.0	0.0	0.0	0.0	0.0	0.0	0.0	0.0	0.0	0.0	0.0	0.0	0.55	0.0	0.0	0.0	0.0	0.0	0.0	0.0	0.0	0.0	0.0	0.0	0.0	0.0	0.0	0.0	0.0	0.0	0.0	0.38	0.43	0.0	0.0	0.0	0.0	0.0	0.0	0.0	0.0	0.0	0.0	0.0	0.0	0.0	0.0	0.47	0.0	0.0	0.0	0.0	0.0	0.0	0.51	0.0
Gene 13	0.0	0.75	0.0	0.0	0.0	0.0	0.0	0.0	0.52	0.49	0.0	0.0	0.0	0.0	0.0	0.0	0.0	0.0	0.57	0.0	0.0	0.0	0.0	0.0	0.0	0.0	0.0	0.0	0.0	0.0	0.0	0.0	0.0	0.0	0.0	0.0	0.0	0.0	0.0	0.0	0.0	0.0	0.0	0.0	0.0	0.0	0.0	0.0	0.0	0.0	0.0	0.0	0.45	0.0	0.0	0.0	0.48	0.0	0.75	0.0	0.0	0.0	0.0	0.0	0.0	0.0	0.0	0.33	0.0	0.0	0.0	0.0	0.0	0.0	0.0	0.53	0.0	0.0	0.0	0.0	0.56	0.0	0.0	0.0	0.0	0.8	0.0	0.0	0.0	0.0	0.0	0.0	0.0	0.0	0.0	0.0	0.77	0.0	0.0	0.0	0.53	0.0	0.0	0.0	0.0	0.0	0.0	0.0	0.0	0.0	0.0	0.0	0.0	0.0	0.0	0.0	0.0	0.0	0.0	0.0	0.4	0.0	0.0	0.0	0.0	0.0	0.0	0.0	0.0	0.0	0.0	0.0	0.0	0.0	0.0	0.0	0.0	0.0	0.0	0.0	0.0	0.0	0.0	0.0	0.0	0.0	0.0	0.0	0.0	0.0	0.0	0.0	0.0	0.0	0.0	0.0	0.0	0.0	0.0	0.0	0.0	0.0	0.0	0.0	0.0	0.0	0.0	0.0	0.0	0.0	0.0	0.0	0.0	0.0	0.0	0.06	0.0	0.48	0.0	0.0	0.0	0.0	0.0	0.0	0.0	0.0	0.0	0.0	0.82	0.0	0.0	0.0	0.0	0.0	0.0	0.81	0.0	0.0	0.0	0.0
Gene 14	0.0	0.0	0.0	0.0	0.0	0.0	0.0	0.0	0.0	0.0	0.0	0.0	0.0	0.0	0.0	0.0	0.24	0.0	0.0	0.0	0.0	0.0	0.21	0.0	0.0	0.0	0.0	0.0	0.0	0.46	0.0	0.0	0.0	0.0	0.0	0.0	0.0	0.0	0.0	0.0	0.0	0.0	0.0	0.0	0.0	0.0	0.41	0.0	0.0	0.55	0.0	0.0	0.0	0.0	0.0	0.0	0.0	0.0	0.0	0.0	0.63	0.21	0.0	0.0	0.0	0.0	0.0	0.0	0.0	0.0	0.87	0.0	0.0	0.0	0.0	0.0	0.0	0.62	0.0	0.48	0.0	0.0	0.0	0.74	0.0	0.0	0.0	0.44	0.0	0.0	0.0	0.0	0.0	0.0	0.0	0.0	0.0	0.0	0.0	0.0	0.0	0.86	0.0	0.0	0.0	0.0	0.0	0.3	0.0	0.0	0.0	0.0	0.0	0.0	0.7	0.0	0.0	0.0	0.0	0.0	0.0	0.0	0.0	0.0	0.0	0.0	0.0	0.0	0.0	0.0	0.0	0.0	0.0	0.0	0.37	0.0	0.0	0.0	0.0	0.0	0.0	0.5	0.0	0.0	0.0	0.0	0.0	0.0	0.0	0.73	0.0	0.0	0.0	0.0	0.0	0.0	0.0	0.0	0.32	0.71	0.0	0.0	0.0	0.0	0.0	0.0	0.0	0.0	0.0	0.0	0.0	0.0	0.0	0.0	0.0	0.0	0.0	0.0	0.0	0.0	0.0	0.0	0.0	0.0	0.0	0.0	0.0	0.0	0.0	0.0	0.0	0.0	0.0	0.0	0.0	0.0	0.42	0.0	0.0	0.0
Gene 15	0.0	0.0	0.0	0.0	0.0	0.0	0.0	0.79	0.0	0.0	0.74	0.0	0.0	0.0	0.0	0.0	0.0	0.0	0.0	0.0	0.0	0.0	0.0	0.23	0.0	0.0	0.0	0.0	0.0	0.0	0.0	0.0	0.0	0.0	0.0	0.0	0.0	0.0	0.0	0.0	0.0	0.0	0.29	0.39	0.0	0.53	0.24	0.0	0.0	0.0	0.0	0.0	0.0	0.0	0.0	0.0	0.0	0.0	0.0	0.0	0.0	0.0	0.0	0.44	0.0	0.0	0.0	0.0	0.0	0.0	0.0	0.0	0.0	0.0	0.0	0.0	0.59	0.0	0.0	0.39	0.0	0.0	0.0	0.31	0.0	0.0	0.0	0.0	0.0	0.0	0.0	0.0	0.0	0.0	0.0	0.0	0.38	0.0	0.66	0.7	0.0	0.0	0.0	0.0	0.0	0.0	0.0	0.0	0.0	0.0	0.0	0.0	0.0	0.0	0.0	0.0	0.74	0.74	0.0	0.0	0.0	0.0	0.0	0.0	0.0	0.0	0.0	0.15	0.0	0.0	0.0	0.0	0.44	0.0	0.0	0.0	0.0	0.0	0.0	0.0	0.0	0.0	0.0	0.18	0.0	0.83	0.0	0.0	0.0	0.0	0.0	0.91	0.0	0.0	0.0	0.0	0.0	0.0	0.21	0.0	0.0	0.0	0.0	0.0	0.0	0.0	0.0	0.0	0.0	0.0	0.0	0.0	0.0	0.0	0.0	0.0	0.0	0.0	0.0	0.63	0.0	0.0	0.0	0.0	0.0	0.0	0.0	0.0	0.0	0.0	0.0	0.0	0.0	0.51	0.0	0.0	0.0	0.0	0.0	0.0
Gene 16	0.6	0.0	0.0	0.0	0.0	0.52	0.0	0.0	0.0	0.0	0.0	0.0	0.0	0.6	0.0	0.0	0.0	0.25	0.0	0.0	0.0	0.0	0.0	0.75	0.0	0.0	0.0	0.0	0.0	0.0	0.0	0.0	0.0	0.0	0.52	0.0	0.0	0.0	0.0	0.0	0.0	0.0	0.0	0.0	0.0	0.0	0.0	0.0	0.0	0.0	0.0	0.0	0.0	0.0	0.0	0.43	0.0	0.0	0.0	0.44	0.0	0.0	0.14	0.0	0.0	0.0	0.0	0.0	0.0	0.0	0.0	0.0	0.0	0.0	0.0	0.0	0.0	0.0	0.0	0.0	0.0	0.0	0.0	0.0	0.0	0.0	0.0	0.0	0.0	0.0	0.0	0.0	0.0	0.0	0.0	0.0	0.54	0.0	0.0	0.0	0.0	0.0	0.0	0.0	0.87	0.0	0.0	0.0	0.0	0.0	0.0	0.0	0.0	0.28	0.0	0.0	0.0	0.0	0.0	0.0	0.35	0.15	0.0	0.0	0.0	0.0	0.0	0.0	0.0	0.0	0.0	0.0	0.0	0.25	0.0	0.0	0.0	0.6	0.0	0.0	0.0	0.0	0.0	0.0	0.0	0.0	0.0	0.0	0.0	0.0	0.0	0.0	0.0	0.0	0.0	0.0	0.0	0.0	0.0	0.0	0.0	0.0	0.0	0.0	0.0	0.0	0.0	0.0	0.0	0.0	0.0	0.45	0.62	0.0	0.0	0.0	0.0	0.0	0.0	0.0	0.0	0.0	0.0	0.0	0.0	0.0	0.0	0.0	0.0	0.0	0.0	0.84	0.0	0.0	0.0	0.0	0.0	0.55	0.0	0.0
Gene 17	0.79	0.0	0.0	0.0	0.0	0.0	0.0	0.0	0.0	0.0	0.0	0.0	0.0	0.0	0.75	0.0	0.0	0.0	0.74	0.0	0.0	0.0	0.38	0.0	0.0	0.0	0.0	0.81	0.0	0.0	0.0	0.0	0.0	0.35	0.0	0.47	0.0	0.82	0.0	0.0	0.0	0.0	0.0	0.0	0.0	0.0	0.0	0.0	0.0	0.0	0.0	0.0	0.0	0.77	0.0	0.0	0.0	0.0	0.0	0.0	0.0	0.0	0.0	0.0	0.0	0.0	0.0	0.0	0.0	0.0	0.0	0.0	0.0	0.0	0.0	0.0	0.0	0.0	0.0	0.0	0.0	0.0	0.0	0.0	0.0	0.0	0.0	0.0	0.8	0.0	0.0	0.0	0.0	0.0	0.18	0.0	0.0	0.0	0.0	0.0	0.0	0.0	0.0	0.0	0.0	0.0	0.0	0.2	0.0	0.0	0.0	0.0	0.0	0.0	0.0	0.86	0.0	0.0	0.0	0.0	0.0	0.0	0.0	0.0	0.32	0.0	0.0	0.77	0.0	0.0	0.0	0.0	0.0	0.46	0.0	0.0	0.0	0.0	0.0	0.15	0.0	0.0	0.6	0.0	0.0	0.0	0.51	0.0	0.0	0.0	0.0	0.57	0.0	0.0	0.0	0.0	0.0	0.0	0.0	0.0	0.0	0.0	0.0	0.0	0.63	0.0	0.48	0.0	0.0	0.0	0.0	0.0	0.0	0.0	0.0	0.0	0.0	0.0	0.0	0.0	0.0	0.0	0.0	0.0	0.0	0.0	0.0	0.0	0.0	0.0	0.0	0.0	0.0	0.0	0.0	0.0	0.0	0.0	0.0	0.0
Gene 18	0.0	0.0	0.0	0.0	0.0	0.0	0.0	0.0	0.0	0.0	0.0	0.0	0.0	0.0	0.0	0.0	0.0	0.0	0.0	0.0	0.64	0.0	0.0	0.0	0.0	0.0	0.0	0.19	0.0	0.72	0.77	0.0	0.0	0.0	0.0	0.25	0.0	0.0	0.0	0.0	0.0	0.0	0.0	0.0	0.0	0.0	0.84	0.41	0.26	0.0	0.0	0.0	0.85	0.0	0.0	0.0	0.0	0.0	0.0	0.0	0.0	0.0	0.58	0.0	0.0	0.38	0.17	0.0	0.0	0.0	0.0	0.0	0.0	0.0	0.0	0.0	0.0	0.38	0.0	0.45	0.0	0.38	0.0	0.0	0.0	0.0	0.0	0.0	0.24	0.0	0.0	0.0	0.0	0.0	0.0	0.0	0.0	0.0	0.0	0.0	0.0	0.0	0.0	0.0	0.0	0.0	0.0	0.0	0.0	0.0	0.0	0.0	0.0	0.0	0.0	0.0	0.0	0.0	0.0	0.0	0.0	0.0	0.0	0.0	0.0	0.0	0.0	0.0	0.0	0.0	0.0	0.0	0.0	0.0	0.0	0.0	0.0	0.0	0.0	0.0	0.0	0.0	0.0	0.19	0.09	0.0	0.0	0.0	0.0	0.0	0.0	0.0	0.0	0.0	0.0	0.0	0.0	0.0	0.0	0.0	0.0	0.0	0.0	0.0	0.0	0.0	0.39	0.44	0.0	0.0	0.0	0.0	0.0	0.0	0.0	0.0	0.0	0.0	0.87	0.0	0.0	0.0	0.0	0.0	0.0	0.0	0.0	0.0	0.0	0.0	0.0	0.0	0.0	0.0	0.57	0.0	0.0	0.0	0.0	0.0
Gene 19	0.0	0.54	0.0	0.0	0.0	0.0	0.41	0.0	0.0	0.0	0.0	0.0	0.0	0.0	0.0	0.0	0.0	0.0	0.0	0.0	0.0	0.0	0.0	0.54	0.0	0.0	0.64	0.0	0.0	0.0	0.0	0.0	0.0	0.0	0.0	0.0	0.45	0.0	0.0	0.0	0.0	0.0	0.0	0.0	0.0	0.0	0.0	0.0	0.0	0.0	0.0	0.0	0.0	0.0	0.0	0.0	0.0	0.0	0.0	0.0	0.0	0.0	0.0	0.0	0.0	0.72	0.0	0.51	0.0	0.0	0.0	0.0	0.0	0.0	0.45	0.0	0.0	0.0	0.0	0.0	0.34	0.0	0.34	0.0	0.0	0.0	0.0	0.0	0.0	0.0	0.0	0.0	0.0	0.0	0.25	0.0	0.0	0.35	0.0	0.0	0.0	0.0	0.0	0.0	0.0	0.0	0.0	0.65	0.0	0.0	0.0	0.0	0.0	0.0	0.0	0.0	0.0	0.69	0.0	0.0	0.0	0.0	0.37	0.0	0.0	0.0	0.0	0.0	0.0	0.0	0.0	0.0	0.0	0.0	0.0	0.0	0.0	0.0	0.0	0.0	0.0	0.71	0.0	0.81	0.0	0.0	0.0	0.0	0.56	0.0	0.0	0.0	0.0	0.0	0.0	0.81	0.0	0.0	0.0	0.0	0.0	0.0	0.0	0.0	0.0	0.0	0.45	0.0	0.0	0.0	0.5	0.0	0.0	0.66	0.0	0.0	0.0	0.72	0.0	0.0	0.0	0.0	0.0	0.24	0.0	0.0	0.0	0.0	0.0	0.0	0.0	0.0	0.0	0.0	0.0	0.0	0.57	0.0	0.0	0.69
Gene 20	0.0	0.0	0.0	0.0	0.0	0.0	0.0	0.0	0.0	0.0	0.16	0.0	0.41	0.0	0.0	0.0	0.0	0.0	0.0	0.0	0.0	0.0	0.0	0.0	0.0	0.0	0.0	0.0	0.51	0.0	0.0	0.23	0.31	0.0	0.0	0.0	0.0	0.0	0.0	0.0	0.0	0.0	0.0	0.5	0.0	0.0	0.0	0.0	0.0	0.0	0.0	0.0	0.0	0.67	0.0	0.0	0.0	0.0	0.0	0.0	0.0	0.36	0.0	0.0	0.0	0.0	0.0	0.0	0.0	0.0	0.0	0.0	0.0	0.0	0.39	0.0	0.0	0.0	0.0	0.0	0.0	0.0	0.0	0.0	0.0	0.0	0.0	0.0	0.0	0.0	0.0	0.0	0.0	0.0	0.0	0.0	0.0	0.0	0.0	0.0	0.0	0.53	0.0	0.0	0.0	0.0	0.47	0.51	0.0	0.0	0.0	0.96	0.0	0.0	0.0	0.0	0.75	0.0	0.0	0.0	0.0	0.0	0.0	0.0	0.0	0.0	0.0	0.0	0.0	0.0	0.0	0.0	0.77	0.0	0.0	0.0	0.0	0.0	0.0	0.0	0.81	0.0	0.0	0.0	0.0	0.0	0.0	0.0	0.0	0.0	0.0	0.0	0.0	0.0	0.0	0.0	0.0	0.0	0.0	0.0	0.0	0.14	0.0	0.0	0.0	0.0	0.0	0.0	0.0	0.0	0.0	0.0	0.0	0.0	0.0	0.86	0.0	0.5	0.0	0.0	0.52	0.0	0.0	0.54	0.0	0.0	0.0	0.0	0.0	0.0	0.0	0.63	0.0	0.0	0.52	0.44	0.0	0.0	0.0	0.0
Gene 21	0.0	0.0	0.0	0.0	0.0	0.93	0.0	0.0	0.0	0.0	0.0	0.0	0.31	0.0	0.43	0.43	0.0	0.0	0.0	0.0	0.0	0.0	0.0	0.0	0.0	0.0	0.0	0.0	0.0	0.0	0.0	0.0	0.0	0.0	0.0	0.0	0.0	0.0	0.0	0.0	0.0	0.0	0.0	0.0	0.7	0.0	0.0	0.0	0.0	0.0	0.0	0.0	0.0	0.0	0.0	0.0	0.0	0.0	0.0	0.0	0.0	0.0	0.0	0.0	0.0	0.0	0.0	0.0	0.0	0.0	0.0	0.0	0.0	0.0	0.0	0.0	0.0	0.0	0.0	0.0	0.0	0.0	0.0	0.0	0.0	0.0	0.0	0.0	0.0	0.0	0.0	0.0	0.0	0.0	0.0	0.0	0.0	0.0	0.0	0.0	0.0	0.0	0.31	0.0	0.0	0.0	0.0	0.26	0.0	0.0	0.0	0.0	0.0	0.0	0.23	0.0	0.0	0.0	0.0	0.0	0.0	0.0	0.0	0.2	0.0	0.0	0.0	0.0	0.0	0.0	0.0	0.0	0.0	0.0	0.0	0.0	0.0	0.0	0.0	0.0	0.0	0.0	0.0	0.44	0.0	0.0	0.0	0.68	0.0	0.0	0.0	0.0	0.0	0.0	0.0	0.0	0.0	0.0	0.54	0.0	0.73	0.0	0.0	0.0	0.0	0.0	0.0	0.0	0.0	0.0	0.0	0.0	0.0	0.0	0.0	0.0	0.98	0.0	0.0	0.0	0.0	0.0	0.0	0.0	0.0	0.56	0.0	0.0	0.0	0.0	0.0	0.0	0.0	0.0	0.0	0.0	0.0	0.0	0.0	0.0
Gene 22	0.0	0.0	0.0	0.65	0.0	0.0	0.0	0.0	0.3	0.0	0.0	0.69	0.0	0.0	0.0	0.0	0.38	0.47	0.0	0.0	0.0	0.5	0.0	0.0	0.0	0.0	0.0	0.0	0.0	0.0	0.0	0.0	0.0	0.0	0.0	0.0	0.0	0.0	0.0	0.0	0.0	0.0	0.21	0.0	0.0	0.0	0.39	0.0	0.0	0.0	0.0	0.0	0.0	0.0	0.0	0.0	0.24	0.0	0.0	0.76	0.0	0.0	0.0	0.0	0.0	0.0	0.0	0.0	0.0	0.0	0.0	0.0	0.0	0.35	0.0	0.0	0.0	0.0	0.0	0.65	0.0	0.0	0.0	0.8	0.0	0.0	0.0	0.0	0.0	0.0	0.0	0.2	0.0	0.0	0.0	0.0	0.0	0.0	0.0	0.0	0.0	0.0	0.0	0.0	0.0	0.0	0.0	0.62	0.08	0.0	0.0	0.0	0.0	0.69	0.0	0.0	0.0	0.0	0.0	0.0	0.0	0.0	0.0	0.0	0.0	0.0	0.0	0.0	0.0	0.0	0.0	0.0	0.0	0.0	0.51	0.0	0.0	0.0	0.0	0.0	0.0	0.0	0.0	0.0	0.0	0.83	0.0	0.45	0.0	0.0	0.0	0.0	0.0	0.0	0.0	0.0	0.0	0.0	0.0	0.0	0.0	0.68	0.0	0.35	0.0	0.0	0.0	0.0	0.0	0.49	0.0	0.0	0.0	0.0	0.0	0.0	0.72	0.0	0.0	0.0	0.31	0.0	0.0	0.0	0.0	0.0	0.0	0.0	0.0	0.0	0.0	0.43	0.0	0.8	0.0	0.0	0.0	0.0	0.0	0.0
Gene 23	0.0	0.0	0.0	0.0	0.0	0.39	0.0	0.0	0.0	0.0	0.7	0.0	0.0	0.0	0.0	0.0	0.0	0.0	0.0	0.0	0.0	0.0	0.0	0.0	0.15	0.0	0.0	0.0	0.0	0.0	0.72	0.0	0.0	0.0	0.87	0.0	0.0	0.0	0.0	0.0	0.17	0.0	0.0	0.0	0.0	0.0	0.0	0.0	0.0	0.0	0.0	0.0	0.5	0.86	0.0	0.22	0.0	0.2	0.0	0.0	0.0	0.33	0.0	0.0	0.0	0.0	0.0	0.0	0.0	0.0	0.0	0.0	0.0	0.0	0.4	0.0	0.0	0.0	0.0	0.5	0.0	0.0	0.0	0.0	0.0	0.0	0.0	0.68	0.0	0.0	0.0	0.0	0.0	0.8	0.09	0.0	0.0	0.0	0.0	0.0	0.0	0.0	0.0	0.0	0.0	0.0	0.0	0.0	0.0	0.0	0.0	0.0	0.0	0.83	0.0	0.0	0.0	0.0	0.0	0.0	0.0	0.0	0.0	0.0	0.0	0.12	0.7	0.0	0.0	0.0	0.0	0.0	0.0	0.0	0.0	0.0	0.67	0.0	0.03	0.0	0.0	0.0	0.0	0.0	0.0	0.0	0.0	0.0	0.0	0.0	0.0	0.0	0.0	0.0	0.0	0.0	0.0	0.0	0.0	0.0	0.0	0.2	0.31	0.0	0.0	0.83	0.7	0.0	0.0	0.0	0.0	0.0	0.0	0.0	0.0	0.0	0.0	0.0	0.0	0.0	0.0	0.0	0.0	0.0	0.0	0.0	0.0	0.0	0.56	0.25	0.0	0.0	0.0	0.0	0.0	0.0	0.0	0.0	0.0	0.0
Gene 24	0.88	0.0	0.0	0.0	0.0	0.0	0.0	0.0	0.0	0.0	0.0	0.0	0.0	0.0	0.0	0.0	0.0	0.0	0.0	0.0	0.0	0.0	0.0	0.0	0.0	0.0	0.0	0.0	0.0	0.33	0.0	0.0	0.0	0.0	0.72	0.0	0.0	0.0	0.0	0.0	0.0	0.0	0.52	0.0	0.0	0.0	0.0	0.35	0.0	0.0	0.0	0.0	0.22	0.0	0.0	0.0	0.0	0.0	0.0	0.0	0.0	0.71	0.0	0.0	0.0	0.0	0.0	0.0	0.0	0.4	0.0	0.0	0.0	0.75	0.5	0.0	0.0	0.0	0.0	0.0	0.0	0.0	0.0	0.0	0.0	0.0	0.0	0.0	0.0	0.0	0.0	0.0	0.0	0.0	0.0	0.45	0.0	0.0	0.55	0.0	0.0	0.32	0.0	0.0	0.0	0.0	0.0	0.0	0.0	0.79	0.0	0.0	0.0	0.41	0.0	0.0	0.0	0.0	0.0	0.0	0.0	0.0	0.0	0.0	0.0	0.0	0.0	0.0	0.0	0.0	0.0	0.0	0.0	0.0	0.0	0.0	0.0	0.0	0.84	0.0	0.0	0.0	0.74	0.0	0.0	0.0	0.0	0.48	0.0	0.49	0.0	0.0	0.0	0.0	0.61	0.0	0.0	0.0	0.0	0.0	0.62	0.0	0.0	0.0	0.0	0.0	0.0	0.0	0.0	0.0	0.0	0.0	0.0	0.0	0.0	0.75	0.0	0.0	0.0	0.0	0.0	0.0	0.0	0.0	0.3	0.22	0.0	0.0	0.0	0.0	0.0	0.0	0.0	0.0	0.0	0.0	0.0	0.0	0.0	0.79
Gene 25	0.52	0.0	0.0	0.0	0.0	0.0	0.0	0.0	0.0	0.0	0.0	0.0	0.0	0.0	0.0	0.2	0.0	0.0	0.0	0.83	0.0	0.0	0.0	0.0	0.0	0.0	0.0	0.0	0.0	0.0	0.0	0.0	0.0	0.35	0.0	0.0	0.0	0.0	0.0	0.0	0.0	0.0	0.0	0.0	0.0	0.0	0.0	0.0	0.0	0.0	0.31	0.0	0.0	0.0	0.0	0.0	0.42	0.47	0.0	0.0	0.0	0.0	0.0	0.0	0.0	0.0	0.0	0.0	0.0	0.0	0.0	0.0	0.0	0.0	0.0	0.0	0.0	0.0	0.0	0.66	0.0	0.0	0.85	0.0	0.0	0.0	0.0	0.0	0.0	0.0	0.0	0.0	0.0	0.0	0.0	0.0	0.0	0.4	0.0	0.0	0.0	0.0	0.0	0.0	0.0	0.0	0.0	0.0	0.0	0.0	0.0	0.0	0.0	0.42	0.0	0.0	0.0	0.0	0.0	0.0	0.59	0.0	0.0	0.0	0.0	0.0	0.0	0.0	0.0	0.0	0.8	0.0	0.0	0.0	0.0	0.0	0.0	0.0	0.0	0.0	0.0	0.0	0.0	0.0	0.0	0.0	0.0	0.0	0.0	0.0	0.0	0.0	0.57	0.0	0.81	0.0	0.0	0.0	0.0	0.0	0.0	0.0	0.0	0.84	0.52	0.0	0.0	0.0	0.49	0.0	0.0	0.0	0.93	0.0	0.0	0.0	0.0	0.0	0.0	0.0	0.0	0.0	0.0	0.0	0.0	0.0	0.0	0.0	0.0	0.0	0.0	0.0	0.0	0.0	0.0	0.0	0.0	0.0	0.0	0.0
